2 0.5521276595744681 0.6205851063829787 0.19585106382978723 0.2870744680851064
2 0.5824822695035461 0.34691489361702127 0.1828014184397163 0.2929787234042553
2 0.7337943262411348 0.3015957446808511 0.17060283687943262 0.2746808510638298
2 0.944822695035461 0.25585106382978723 0.11035460992907802 0.21292553191489363
2 0.8552127659574468 0.7750531914893617 0.16375886524822694 0.28117021276595744
2 0.44914893617021273 0.6607978723404255 0.13177304964539005 0.24414893617021277
2 0.5982269503546099 0.8039893617021276 0.19443262411347517 0.27095744680851064
2 0.19042553191489361 0.8007978723404255 0.23847517730496454 0.32845744680851063
2 0.3363829787234043 0.31457446808510636 0.17574468085106384 0.2453191489361702
2 0.3976595744680851 0.1502659574468085 0.17347517730496453 0.18909574468085105
2 0.5200709219858156 0.0875 0.250886524822695 0.175