2 0.43093023255813956 0.24393617021276595 0.18837209302325583 0.22313829787234044
2 0.6101550387596899 0.19882978723404257 0.19949612403100775 0.3031382978723404
2 0.8036046511627908 0.19281914893617022 0.20937984496124032 0.246968085106383
2 0.9079069767441861 0.440531914893617 0.18418604651162793 0.2248936170212766
2 0.7183333333333334 0.4622340425531915 0.22368217054263567 0.20872340425531916
2 0.5352713178294574 0.4326595744680851 0.2078682170542636 0.23042553191489362
2 0.4002325581395349 0.502872340425532 0.22 0.22622340425531914
2 0.2593023255813954 0.29840425531914894 0.23895348837209301 0.23
2 0.09872093023255814 0.31648936170212766 0.1781782945736434 0.22787234042553192
2 0.12724806201550387 0.49968085106382976 0.23523255813953486 0.18154255319148938
2 0.32922480620155037 0.7342021276595745 0.1586046511627907 0.18244680851063827
2 0.4766666666666667 0.6639893617021276 0.12170542635658914 0.18664893617021278
2 0.6476356589147287 0.6907978723404256 0.19391472868217055 0.24882978723404256
2 0.7755426356589148 0.8895744680851064 0.19852713178294573 0.22085106382978725
2 0.4591472868217054 0.9002127659574468 0.21379844961240307 0.1995744680851064
2 0.3143410852713178 0.9182978723404255 0.21565891472868218 0.16340425531914893
2 0.19806201550387598 0.7422872340425533 0.162984496124031 0.22414893617021278
2 0.10941860465116279 0.9108510638297873 0.2187984496124031 0.17829787234042555
2 0.0715891472868217 0.6986702127659574 0.1431782945736434 0.2092553191489362
2 0.1832170542635659 0.07367021276595745 0.1580232558139535 0.13797872340425532
2 0.35093023255813954 0.09515957446808511 0.1648062015503876 0.19031914893617022
2 0.5047286821705427 0.07388297872340426 0.19953488372093023 0.1477659574468085
2 0.7025193798449613 0.06962765957446808 0.17344961240310078 0.13925531914893616
2 0.8859302325581395 0.04920212765957447 0.22085271317829455 0.09840425531914894
2 0.924186046511628 0.19111702127659574 0.15162790697674416 0.23675531914893616