1 0.3951968503937008 0.3340106951871658 0.17244094488188974 0.11096256684491979
1 0.5336220472440945 0.3958288770053476 0.18783464566929134 0.07636363636363636
1 0.5120472440944882 0.49529411764705883 0.1604724409448819 0.11700534759358289
1 0.7028740157480315 0.42085561497326207 0.15161417322834644 0.10502673796791444
1 0.8027165354330709 0.339572192513369 0.15598425196850393 0.16491978609625668
1 0.7383070866141732 0.5462032085561498 0.13114173228346457 0.19320855614973265
1 0.6704724409448819 0.5907486631016042 0.10562992125984251 0.2137433155080214
1 0.5805511811023623 0.6957754010695187 0.16200787401574804 0.23989304812834225
1 0.43740157480314956 0.782192513368984 0.15606299212598426 0.2416042780748663
1 0.2881102362204725 0.7710695187165775 0.13468503937007875 0.2193582887700535
1 0.09523622047244094 0.662620320855615 0.19043307086614172 0.32331550802139036
1 0.30763779527559054 0.42705882352941177 0.26188976377952755 0.23294117647058823