0 0.717984496124031 0.8239444444444445 0.5641085271317829 0.35211111111111115
0 0.7955038759689923 0.5693888888888888 0.40906976744186047 0.3131111111111111
0 0.8148837209302326 0.31805555555555554 0.3703100775193799 0.1865
0 0.8610852713178294 0.20522222222222222 0.2779069767441861 0.13177777777777777
0 0.8789147286821705 0.12055555555555555 0.24209302325581394 0.06505555555555556
0 0.9147286821705426 0.05688888888888889 0.17054263565891473 0.06588888888888889
0 0.2567441860465116 0.8367777777777778 0.5134108527131783 0.3265
0 0.3427906976744186 0.541611111111111 0.4963565891472868 0.35155555555555557
0 0.4471317829457364 0.3203888888888889 0.44271317829457363 0.17838888888888887
0 0.5457364341085271 0.1806111111111111 0.3330232558139535 0.16383333333333333
0 0.7267441860465116 0.07888888888888888 0.2954263565891473 0.13127777777777777
0 0.13891472868217056 0.3327777777777778 0.2779069767441861 0.21172222222222223
0 0.23209302325581396 0.22061111111111112 0.3497674418604651 0.14544444444444443
0 0.3209302325581395 0.1288888888888889 0.2531007751937984 0.08600000000000001
0 0.48131782945736434 0.07205555555555555 0.3234883720930232 0.1005
0 0.14116279069767443 0.09683333333333333 0.19775193798449614 0.11594444444444445
0 0.06294573643410852 0.1643888888888889 0.1258139534883721 0.13133333333333333
0 0.2398449612403101 0.04833333333333333 0.2102325581395349 0.08299999999999999