2 0.326678445229682 0.3158888888888889 0.07653710247349824 0.17366666666666666
2 0.503321554770318 0.30972222222222223 0.14717314487632507 0.21683333333333335
2 0.6792932862190812 0.5984444444444444 0.14307420494699646 0.16605555555555557
2 0.7853003533568905 0.5118888888888888 0.11586572438162544 0.16816666666666666
2 0.511625441696113 0.5240555555555555 0.12840989399293287 0.15411111111111112
2 0.5549469964664311 0.642 0.1526148409893993 0.15072222222222223
2 0.6780918727915195 0.7723888888888889 0.12159010600706713 0.1293888888888889
2 0.9438869257950531 0.4242777777777778 0.11226148409893993 0.18955555555555553
2 0.8558303886925794 0.33105555555555555 0.08568904593639576 0.157
2 0.9044876325088339 0.2086111111111111 0.1123321554770318 0.1386111111111111
2 0.7425088339222614 0.14405555555555555 0.12540636042402828 0.15483333333333335
2 0.6220848056537103 0.10433333333333333 0.0857243816254417 0.11805555555555555
2 0.39893992932862193 0.09877777777777778 0.13413427561837457 0.09838888888888889
2 0.299469964664311 0.9328888888888888 0.1634982332155477 0.13416666666666666
2 0.9098939929328622 0.9307777777777777 0.18021201413427562 0.13844444444444445
2 0.3545229681978799 0.4796111111111111 0.1403886925795053 0.18483333333333335
2 0.9527208480565371 0.6552777777777778 0.09459363957597174 0.16866666666666666