2 0.3867320261437909 0.34747549019607843 0.1222549019607843 0.15482843137254904
2 0.4508986928104575 0.21598039215686277 0.1436437908496732 0.16816176470588234
2 0.570326797385621 0.3144852941176471 0.10916666666666668 0.16017156862745097
2 0.6827614379084967 0.4531127450980392 0.1290359477124183 0.1432843137254902
2 0.5566666666666666 0.4947794117647059 0.15312091503267972 0.1419607843137255
2 0.48045751633986933 0.6391911764705883 0.17006535947712417 0.18122549019607842
2 0.3739705882352941 0.6819607843137255 0.1501797385620915 0.159828431372549
2 0.5737418300653595 0.7047058823529412 0.13084967320261437 0.16073529411764706
2 0.51640522875817 0.9280392156862745 0.18848039215686274 0.14394607843137255
2 0.3534640522875817 0.914656862745098 0.12702614379084967 0.17068627450980392
2 0.43694444444444447 0.85 0.10977124183006537 0.14830882352941177
2 0.23078431372549021 0.752843137254902 0.13714052287581702 0.2035294117647059
2 0.24993464052287584 0.6106617647058824 0.1130718954248366 0.159828431372549
2 0.16928104575163397 0.4827450980392157 0.13893790849673202 0.16245098039215686
2 0.09486928104575164 0.623578431372549 0.14756535947712418 0.17676470588235296
2 0.056993464052287585 0.7858088235294118 0.11400326797385621 0.18036764705882355
2 0.12294117647058822 0.9037009803921568 0.16508169934640524 0.16213235294117648
2 0.9000653594771242 0.9369362745098039 0.16258169934640523 0.12610294117647058
2 0.7870261437908497 0.8250245098039216 0.09397058823529411 0.11620098039215686
2 0.7968300653594772 0.6795098039215687 0.10763071895424837 0.1326470588235294
2 0.8899673202614379 0.45600490196078436 0.1661437908496732 0.23375
2 0.7684640522875817 0.5255147058823529 0.10733660130718954 0.12323529411764707
2 0.6534967320261438 0.6186764705882353 0.18044117647058824 0.15803921568627452
2 0.7822712418300654 0.26345588235294115 0.1319934640522876 0.15169117647058825
2 0.6891503267973856 0.055098039215686276 0.10913398692810458 0.10482843137254903
2 0.6454738562091503 0.18323529411764708 0.17034313725490197 0.15166666666666667
2 0.6000326797385621 0.10053921568627451 0.10915032679738562 0.10661764705882353
2 0.3570261437908497 0.06534313725490196 0.12227124183006535 0.1306862745098039
2 0.2515686274509804 0.11213235294117647 0.16684640522875818 0.12980392156862744
2 0.13320261437908495 0.11414215686274509 0.12318627450980392 0.11151960784313726
2 0.05521241830065359 0.19772058823529412 0.11042483660130718 0.12269607843137255
2 0.9606372549019607 0.17877450980392157 0.07872549019607843 0.16058823529411764
2 0.910751633986928 0.25365196078431373 0.16019607843137257 0.23904411764705882
2 0.8364869281045751 0.09877450980392156 0.18991830065359477 0.10306372549019607
2 0.9242483660130719 0.06110294117647059 0.15151960784313726 0.1213235294117647