2 0.519967320261438 0.4865441176470588 0.36197712418300654 0.504313725490196
2 0.6159150326797386 0.18747549019607843 0.34591503267973855 0.37495098039215685
2 0.8553104575163399 0.281078431372549 0.2893627450980392 0.4801960784313725
2 0.8841339869281046 0.8533823529411765 0.23173202614379085 0.29323529411764704
2 0.7134967320261438 0.7278921568627451 0.28856209150326795 0.4210294117647059
2 0.4243137254901961 0.8344362745098038 0.34892156862745094 0.3311029411764706
2 0.292859477124183 0.3916176470588235 0.26723856209150326 0.3768137254901961
2 0.13274509803921566 0.1946078431372549 0.2619281045751634 0.3892156862745098
2 0.10511437908496732 0.5271078431372549 0.21024509803921568 0.27345588235294116
2 0.13423202614379087 0.8767892156862745 0.25895424836601305 0.24644607843137253
2 0.2123529411764706 0.7147303921568627 0.2547875816993464 0.24764705882352941