0 0.6273867595818815 0.94045 0.19069686411149825 0.11914999999999999
0 0.4162369337979094 0.92085 0.22285714285714286 0.15825
0 0.2059581881533101 0.9111 0.22651567944250872 0.17785
0 0.06721254355400696 0.8937 0.130801393728223 0.2126
0 0.5660278745644599 0.8306 0.2043205574912892 0.2647
0 0.7082926829268292 0.7238500000000001 0.1767595818815331 0.20335
0 0.5328571428571429 0.68645 0.2440418118466899 0.19815000000000002
0 0.36306620209059237 0.7756000000000001 0.19829268292682925 0.159
0 0.33306620209059234 0.6559999999999999 0.15651567944250872 0.15465
0 0.1943205574912892 0.758 0.19411149825783972 0.18030000000000002
0 0.06449477351916377 0.716 0.12898954703832755 0.1703
0 0.16174216027874566 0.62275 0.18651567944250871 0.1446
0 0.2924738675958188 0.52055 0.16013937282229965 0.15765
0 0.466376306620209 0.5495 0.14435540069686412 0.15895
0 0.5939024390243902 0.46575000000000005 0.16313588850174215 0.1698
0 0.6507317073170732 0.5661999999999999 0.14644599303135888 0.1707
0 0.7556794425087108 0.5014500000000001 0.15947735191637633 0.20635
0 0.04484320557491289 0.6095 0.08968641114982578 0.15725
0 0.1432752613240418 0.50665 0.16773519163763068 0.1472
0 0.037282229965156795 0.4986 0.07452961672473868 0.17024999999999998
0 0.12766550522648085 0.40665 0.1456445993031359 0.1211
0 0.26292682926829264 0.429 0.17076655052264808 0.13545
0 0.4295470383275261 0.45425 0.15254355400696865 0.15109999999999998
0 0.6934494773519164 0.38095 0.10463414634146342 0.11324999999999999
0 0.7891637630662022 0.34659999999999996 0.1264459930313589 0.1402
0 0.5507317073170732 0.36095 0.14041811846689894 0.12539999999999998
0 0.6597909407665505 0.33075000000000004 0.12829268292682927 0.1128
0 0.7464459930313588 0.29205 0.10766550522648083 0.13105
0 0.8382578397212544 0.26095 0.12763066202090592 0.1341
0 0.8585365853658536 0.14005 0.10156794425087108 0.1184
0 0.7864459930313589 0.18289999999999998 0.1149128919860627 0.11275
0 0.7312891986062717 0.22615 0.13794425087108014 0.15145
0 0.6295121951219512 0.24355000000000002 0.1161672473867596 0.0993
0 0.2656445993031359 0.33899999999999997 0.1337979094076655 0.1206
0 0.41365853658536583 0.35835 0.14801393728222995 0.1376
0 0.14233449477351917 0.3503 0.17198606271777003 0.12585000000000002
0 0.10055749128919861 0.33185000000000003 0.16108013937282228 0.1802
0 0.2521602787456446 0.27204999999999996 0.09773519163763067 0.09105
0 0.3762369337979094 0.30355 0.13073170731707318 0.09755000000000001
0 0.5077351916376307 0.26355 0.10285714285714286 0.1045
0 0.6096515679442509 0.20335 0.1340418118466899 0.11015000000000001