2 0.2839542483660131 0.508578431372549 0.04741830065359477 0.07154411764705883
2 0.25246732026143787 0.35860294117647057 0.0438562091503268 0.07906862745098038
2 0.14730392156862746 0.6048529411764706 0.05933006535947713 0.06799019607843138
2 0.05388888888888888 0.8410784313725491 0.04181372549019608 0.059166666666666666
2 0.2910947712418301 0.6993382352941176 0.049787581699346405 0.07872549019607843
2 0.47630718954248363 0.7753431372549019 0.06669934640522876 0.08365196078431374
2 0.5422549019607843 0.8143382352941176 0.04410130718954248 0.0591421568627451
2 0.6613725490196078 0.72875 0.050620915032679736 0.08409313725490197
2 0.5863725490196079 0.5018872549019608 0.03429738562091503 0.06708333333333334
2 0.41763071895424836 0.49232843137254906 0.0652124183006536 0.07911764705882353
2 0.9680882352941177 0.40362745098039216 0.055032679738562094 0.08889705882352943
2 0.8751143790849674 0.6137745098039216 0.053267973856209155 0.06801470588235294
2 0.8508986928104575 0.5328676470588235 0.037516339869281046 0.06218137254901961
2 0.9345261437908496 0.7617401960784315 0.029493464052287584 0.060906862745098045
2 0.9709150326797387 0.8967892156862745 0.03986928104575163 0.05470588235294118
2 0.8639705882352942 0.9090441176470588 0.039901960784313725 0.04803921568627451
2 0.8727450980392157 0.2955392156862745 0.0603921568627451 0.07325980392156863