2 0.19745098039215686 0.31444767441860466 0.06995098039215687 0.11313953488372093
2 0.26326797385620915 0.37218023255813953 0.0615359477124183 0.08738372093023256
2 0.3248856209150327 0.37904069767441856 0.0540686274509804 0.11354651162790698
2 0.5661111111111111 0.5412209302325581 0.09066993464052288 0.08494186046511627
2 0.5804575163398693 0.5480813953488372 0.0376797385620915 0.06127906976744186
2 0.8151633986928104 0.5827616279069767 0.023872549019607843 0.03511627906976744
2 0.7981209150326797 0.6299127906976744 0.0411437908496732 0.06712209302325581
2 0.8269444444444444 0.6500581395348838 0.035767973856209154 0.05343023255813953
2 0.7956699346405228 0.4182848837209302 0.038578431372549016 0.05500000000000001
2 0.8341830065359477 0.5046802325581395 0.03624183006535948 0.04505813953488372
2 0.6562091503267974 0.4795639534883721 0.03743464052287582 0.08203488372093024
2 0.8074509803921569 0.0540406976744186 0.059820261437908494 0.08232558139534883
2 0.6696241830065359 0.04197674418604651 0.08527777777777777 0.08313953488372093
2 0.7175980392156863 0.2205813953488372 0.05282679738562091 0.07488372093023256
2 0.7200490196078432 0.12194767441860466 0.055392156862745096 0.05616279069767442
2 0.5535130718954249 0.1578779069767442 0.05612745098039216 0.0740406976744186