2 0.09933006535947712 0.5556127450980393 0.0911111111111111 0.13438725490196077
2 0.23642156862745098 0.4506617647058824 0.09495098039215687 0.15174019607843137
2 0.32955882352941174 0.49098039215686273 0.08217320261437909 0.12100490196078431
2 0.25781045751633985 0.5932843137254902 0.10207516339869281 0.15178921568627451
2 0.3297058823529412 0.5928186274509804 0.06761437908496733 0.1063235294117647
2 0.41852941176470587 0.7443627450980392 0.11334967320261438 0.14558823529411766
2 0.3540686274509804 0.8089950980392157 0.09256535947712419 0.15541666666666665
2 0.2330065359477124 0.8936764705882353 0.09704248366013073 0.11088235294117647
2 0.5583006535947712 0.2656862745098039 0.12372549019607842 0.2007107843137255
2 0.49562091503267974 0.15781862745098038 0.08748366013071895 0.10975490196078432
2 0.5973529411764705 0.10700980392156861 0.12163398692810456 0.15075980392156862
2 0.643545751633987 0.2875245098039216 0.09815359477124183 0.16416666666666668
2 0.47065359477124186 0.41455882352941176 0.12076797385620915 0.1775735294117647
2 0.5940849673202614 0.4292647058823529 0.18045751633986928 0.19808823529411762
2 0.6073039215686274 0.5674264705882353 0.1088562091503268 0.15355392156862746
2 0.7308823529411765 0.6641421568627451 0.11834967320261439 0.12416666666666666
2 0.7215359477124182 0.7873774509803921 0.09665032679738562 0.11664215686274511
2 0.6227614379084967 0.729436274509804 0.09222222222222222 0.14335784313725491
2 0.9037745098039216 0.8083333333333333 0.11949346405228757 0.13178921568627452
2 0.44021241830065366 0.051960784313725486 0.07472222222222222 0.10394607843137255