0 0.36251633986928106 0.31729847494553376 0.0675 0.10649237472766886
0 0.5350490196078431 0.1410239651416122 0.11191176470588235 0.12431372549019608
0 0.46691176470588236 0.41753812636165577 0.07042483660130719 0.09782135076252722
2 0.3964869281045752 0.4996732026143791 0.08318627450980391 0.10089324618736384
2 0.5971241830065359 0.3977124183006536 0.09230392156862745 0.08864923747276687
2 0.9188398692810458 0.6694335511982571 0.09191176470588236 0.1833115468409586
2 0.9113235294117648 0.7138779956427016 0.09648692810457515 0.080479302832244
2 0.7644281045751634 0.7097385620915032 0.08704248366013072 0.08525054466230937
2 0.6905882352941176 0.8191285403050109 0.09620915032679739 0.13845315904139432
2 0.24732026143790853 0.8727668845315905 0.1671895424836601 0.2544662309368192
2 0.21790849673202617 0.8653159041394336 0.08222222222222222 0.0914161220043573
2 0.27918300653594774 0.8116993464052288 0.0773202614379085 0.09749455337690632