2 0.0749738219895288 0.2131937172774869 0.053089005235602095 0.06774869109947644
2 0.12602094240837697 0.27890052356020945 0.07664921465968587 0.05513089005235602
2 0.3227748691099476 0.029476439790575917 0.0774869109947644 0.04068062827225131
2 0.4494764397905759 0.03057591623036649 0.04732984293193717 0.055916230366492146
2 0.8580628272251308 0.061780104712041886 0.12712041884816755 0.07036649214659686
2 0.8240314136125654 0.24089005235602093 0.09397905759162303 0.11010471204188482
2 0.762303664921466 0.1868062827225131 0.10575916230366492 0.10659685863874345
2 0.681151832460733 0.3137696335078534 0.15287958115183245 0.15989528795811517
2 0.6940314136125655 0.483979057591623 0.06083769633507853 0.098848167539267
2 0.304869109947644 0.38162303664921465 0.08534031413612565 0.10795811518324608
2 0.2854450261780105 0.25225130890052355 0.12068062827225132 0.11534031413612567
2 0.23397905759162302 0.35827225130890056 0.1049738219895288 0.09183246073298429
2 0.19167539267015707 0.445130890052356 0.15120418848167538 0.13460732984293194
2 0.17486910994764396 0.5437696335078533 0.12198952879581153 0.0874869109947644
2 0.258848167539267 0.908324607329843 0.11104712041884818 0.0880628272251309
2 0.2263350785340314 0.7436125654450262 0.06790575916230367 0.1556544502617801
2 0.7193193717277486 0.7739267015706806 0.07654450261780105 0.06356020942408377
2 0.8502094240837695 0.7675916230366493 0.09397905759162303 0.09020942408376964
2 0.7673298429319372 0.8832460732984293 0.1550261780104712 0.10329842931937173
2 0.5742931937172775 0.6807853403141362 0.10492146596858638 0.08230366492146597
2 0.6347120418848168 0.5581675392670157 0.08178010471204188 0.1773821989528796
2 0.8456020942408377 0.5415706806282723 0.1763874345549738 0.12675392670157068
2 0.9736125654450262 0.04277486910994764 0.05277486910994764 0.08549738219895286
2 0.03293193717277487 0.43115183246073296 0.06586387434554974 0.15905759162303665