0 0.3896478873239437 0.8027222222222222 0.2256338028169014 0.2157222222222222
0 0.6609859154929577 0.8162222222222222 0.2808450704225352 0.21272222222222223
0 0.4863380281690141 0.6358333333333334 0.1752112676056338 0.1255
0 0.7173239436619718 0.6456666666666666 0.22014084507042256 0.15372222222222223
0 0.19274647887323945 0.5368888888888889 0.2380985915492958 0.12844444444444444
0 0.22035211267605634 0.4511666666666666 0.1958450704225352 0.09805555555555555
0 0.3936619718309859 0.43644444444444447 0.15246478873239436 0.10705555555555556
0 0.5642957746478873 0.42916666666666664 0.1795774647887324 0.11816666666666667
0 0.7528169014084507 0.42533333333333334 0.1665492957746479 0.10188888888888889
0 0.5028169014084507 0.36566666666666664 0.13788732394366196 0.09805555555555555
0 0.42077464788732394 0.32211111111111107 0.14169014084507042 0.09633333333333333
0 0.6035915492957746 0.18661111111111112 0.16598591549295774 0.09027777777777778
0 0.8725352112676057 0.17850000000000002 0.15676056338028171 0.09972222222222221
0 0.20464788732394365 0.3710555555555556 0.15359154929577465 0.08738888888888889
0 0.2967605633802817 0.3116111111111111 0.16443661971830986 0.11383333333333333
0 0.3409154929577465 0.171 0.10647887323943661 0.06338888888888888
0 0.21035211267605636 0.22316666666666668 0.13788732394366196 0.11638888888888889
0 0.10725352112676056 0.8317777777777777 0.21450704225352113 0.23966666666666667
0 0.25309859154929576 0.6533333333333333 0.19528169014084507 0.15883333333333333
0 0.36338028169014086 0.5428333333333333 0.1785211267605634 0.12333333333333332
0 0.561338028169014 0.5379444444444444 0.21147887323943662 0.14338888888888887
0 0.7874647887323943 0.523 0.25753521126760565 0.15622222222222223
0 0.6602112676056338 0.37016666666666664 0.1654225352112676 0.08566666666666667
0 0.5705633802816901 0.30266666666666664 0.11077464788732394 0.07027777777777779
0 0.8554929577464789 0.37849999999999995 0.1821830985915493 0.10661111111111111
0 0.7259859154929578 0.3113888888888889 0.17246478873239435 0.10061111111111111
0 0.6615492957746478 0.25966666666666666 0.16274647887323943 0.10827777777777776
0 0.801830985915493 0.2601111111111111 0.1941549295774648 0.11766666666666667
0 0.17161971830985917 0.29088888888888886 0.16338028169014085 0.07666666666666667
0 0.08014084507042255 0.436 0.16035211267605634 0.13183333333333333