0 0.6670731707317074 0.5973333333333333 0.19341463414634147 0.1511111111111111
0 0.8469512195121952 0.5501111111111111 0.16384146341463415 0.12933333333333333
0 0.7685975609756097 0.43833333333333335 0.12914634146341464 0.14083333333333334
0 0.9020731707317073 0.4033333333333333 0.13396341463414632 0.17327777777777778
0 0.8474390243902439 0.29455555555555557 0.16347560975609754 0.13094444444444445
0 0.7205487804878049 0.3408888888888889 0.16902439024390242 0.15105555555555555
0 0.6560365853658536 0.20433333333333334 0.1479268292682927 0.13005555555555556
0 0.5322560975609757 0.2767777777777778 0.1629878048780488 0.10827777777777776
0 0.4799390243902439 0.19066666666666668 0.14750000000000002 0.10272222222222221
0 0.3277439024390244 0.22444444444444445 0.14798780487804877 0.1275
0 0.4740853658536585 0.5435 0.19676829268292684 0.1288888888888889
0 0.2738414634146341 0.4659444444444445 0.1620731707317073 0.12327777777777779
0 0.4478048780487805 0.42150000000000004 0.18176829268292682 0.15405555555555556
0 0.23371951219512194 0.37016666666666664 0.20853658536585368 0.11983333333333333
0 0.17859756097560975 0.26822222222222225 0.1874390243902439 0.10827777777777776
0 0.10073170731707316 0.41294444444444445 0.16304878048780486 0.10277777777777777