0 0.4934911242603551 0.31122222222222223 0.2897041420118343 0.2753888888888889
0 0.4154437869822485 0.5770555555555555 0.32928994082840235 0.2601111111111111
0 0.5208284023668639 0.7563333333333333 0.2350887573964497 0.19561111111111112
0 0.8939644970414202 0.6010000000000001 0.2121301775147929 0.2566666666666667
0 0.7672781065088756 0.34944444444444445 0.3137869822485207 0.2707222222222222
0 0.35923076923076924 0.8734444444444445 0.24875739644970413 0.1905
0 0.2907692307692308 0.23022222222222222 0.22556213017751478 0.19461111111111112
0 0.22201183431952665 0.3938888888888889 0.24284023668639051 0.17155555555555554
0 0.21905325443786985 0.06116666666666667 0.296094674556213 0.12233333333333334
0 0.6949112426035503 0.9243333333333333 0.2691715976331361 0.1512777777777778
0 0.73698224852071 0.7456666666666667 0.27597633136094674 0.2682777777777778
0 0.10893491124260356 0.7452222222222221 0.21786982248520712 0.1733888888888889