0 0.3709923664122137 0.7072222222222222 0.17114503816793894 0.10583333333333333
0 0.43259541984732824 0.865111111111111 0.16526717557251908 0.11827777777777777
0 0.8644274809160305 0.9649444444444444 0.18931297709923664 0.07011111111111111
0 0.7344274809160305 0.6986666666666667 0.1347328244274809 0.08872222222222223
0 0.7021374045801527 0.8078333333333333 0.22282442748091605 0.1233888888888889
0 0.19450381679389314 0.43322222222222223 0.10603053435114504 0.07927777777777778
0 0.06977099236641222 0.7916111111111112 0.13954198473282445 0.14222222222222222
0 0.21099236641221375 0.9393333333333334 0.23282442748091603 0.1213888888888889
0 0.5268702290076336 0.5732222222222223 0.11305343511450382 0.09
0 0.7678625954198474 0.5490555555555555 0.11946564885496183 0.11433333333333333
0 0.881526717557252 0.5050555555555556 0.1411450381679389 0.10322222222222222
0 0.5162595419847328 0.3475 0.11534351145038167 0.04888888888888889
0 0.4816793893129771 0.49583333333333335 0.15175572519083969 0.06344444444444444
0 0.16748091603053436 0.5488333333333334 0.16946564885496182 0.10111111111111111
0 0.9187022900763359 0.6642222222222223 0.16267175572519083 0.14388888888888887
0 0.8876335877862596 0.8901111111111111 0.2180916030534351 0.11272222222222222
0 0.6490076335877862 0.9638888888888889 0.19282442748091605 0.07222222222222222
0 0.6786259541984734 0.46355555555555555 0.15236641221374048 0.09722222222222222