0 0.6842073170731707 0.741 0.2980487804878049 0.26744444444444443
0 0.7910975609756098 0.5033333333333333 0.2679878048780488 0.25366666666666665
0 0.7467682926829268 0.24966666666666665 0.3003658536585366 0.2446111111111111
0 0.5350609756097561 0.29305555555555557 0.2999390243902439 0.20916666666666667
0 0.42597560975609755 0.5001111111111111 0.33042682926829264 0.2600555555555556
0 0.36829268292682926 0.7843333333333333 0.3932926829268293 0.273
0 0.14085365853658538 0.6394444444444444 0.28170731707317076 0.31655555555555553
0 0.23182926829268294 0.3065 0.22353658536585364 0.2403888888888889
0 0.3474390243902439 0.11544444444444445 0.2624390243902439 0.19155555555555553
0 0.6014024390243902 0.09794444444444445 0.2684756097560976 0.18216666666666667
0 0.07408536585365853 0.23683333333333334 0.14823170731707316 0.22922222222222222