1 0.48435483870967744 0.5378494623655914 0.8990860215053763 0.9243010752688171
1 0.6001075268817204 0.7990860215053763 0.1756451612903226 0.2682795698924731
1 0.5706451612903226 0.5386021505376345 0.17268817204301073 0.22478494623655915
1 0.5037634408602151 0.39193548387096777 0.15505376344086022 0.2840860215053764
1 0.357741935483871 0.439247311827957 0.2544086021505376 0.2238709677419355
1 0.3375268817204301 0.7881182795698924 0.2053763440860215 0.22483870967741937
1 0.4093548387096774 0.9403763440860214 0.20279569892473118 0.11650537634408603
1 0.7121505376344086 0.6139247311827957 0.1717741935483871 0.24629032258064518
1 0.67 0.42161290322580647 0.12188172043010753 0.23161290322580644
1 0.3310752688172043 0.2775268817204301 0.1838709677419355 0.29612903225806453
1 0.22612903225806452 0.3186021505376344 0.19768817204301076 0.1760752688172043
1 0.20204301075268816 0.4766666666666666 0.3043010752688172 0.15247311827956989