1 0.4939516129032258 0.48768817204301074 0.45495967741935484 0.9358602150537634
1 0.4405645161290323 0.18290322580645163 0.12564516129032258 0.31327956989247313
1 0.6010483870967742 0.17489247311827957 0.12721774193548388 0.26725806451612905
1 0.3495967741935484 0.33494623655913974 0.13725806451612904 0.31204301075268814
1 0.4286290322580645 0.43709677419354837 0.10822580645161291 0.19376344086021505
1 0.5376612903225807 0.36354838709677423 0.10693548387096774 0.2101075268817204
1 0.6337903225806452 0.3783870967741935 0.10560483870967742 0.2010752688172043
1 0.5045967741935484 0.5183870967741936 0.1085483870967742 0.14134408602150536
1 0.38346774193548383 0.5478494623655914 0.12112903225806451 0.1271505376344086
1 0.4120161290322581 0.7063978494623655 0.09758064516129032 0.1474193548387097
1 0.48701612903225805 0.6208064516129033 0.07661290322580645 0.1396236559139785
1 0.587983870967742 0.5831182795698925 0.07850806451612903 0.16327956989247314
1 0.6137903225806451 0.7291935483870967 0.10431451612903227 0.09838709677419355
1 0.5281451612903225 0.7485483870967742 0.0846774193548387 0.09408602150537634
1 0.46475806451612905 0.807258064516129 0.07725806451612903 0.10397849462365591