0 0.2504214559386973 0.3155612244897959 0.17134099616858237 0.22637755102040816
0 0.3991954022988506 0.33535714285714285 0.1878927203065134 0.26168367346938776
0 0.5893103448275863 0.3519387755102041 0.2009578544061303 0.26933673469387753
0 0.6857088122605364 0.48607142857142854 0.25329501915708813 0.26979591836734695
0 0.5932950191570882 0.7118877551020408 0.23130268199233717 0.18566326530612245
0 0.3169731800766284 0.6583163265306122 0.2246360153256705 0.23158163265306123
0 0.12655172413793103 0.6902040816326531 0.25306513409961684 0.2358673469387755
0 0.25697318007662834 0.14719387755102042 0.11735632183908046 0.17872448979591837
0 0.43524904214559385 0.17459183673469386 0.17704980842911877 0.1953061224489796
0 0.5827586206896551 0.15612244897959185 0.16551724137931034 0.18806122448979593
0 0.7308812260536398 0.1796938775510204 0.12973180076628352 0.15448979591836734
0 0.9064367816091955 0.5613775510204082 0.18708812260536398 0.22474489795918365
0 0.8801532567049808 0.3871938775510204 0.17601532567049807 0.1613265306122449
0 0.845823754789272 0.21285714285714286 0.18080459770114943 0.1528061224489796
0 0.9311877394636014 0.7663265306122449 0.13762452107279693 0.19249999999999998
0 0.8021072796934866 0.7339795918367348 0.2146360153256705 0.22989795918367348