0 0.2731395348837209 0.190765306122449 0.1916279069767442 0.12556122448979593
0 0.45 0.29408163265306125 0.16738372093023254 0.11964285714285713
0 0.22738372093023254 0.5794387755102041 0.18244186046511626 0.13760204081632652
0 0.2644186046511628 0.9034693877551021 0.2516860465116279 0.17341836734693877
0 0.7566279069767441 0.8301020408163264 0.13151162790697676 0.09897959183673469
0 0.5221511627906977 0.7480102040816328 0.1663953488372093 0.14739795918367346
0 0.7590697674418605 0.6510714285714285 0.146046511627907 0.08954081632653062
0 0.15203488372093021 0.24265306122448982 0.1819767441860465 0.1442857142857143
0 0.20191860465116276 0.07 0.17517441860465116 0.12214285714285715
0 0.42622093023255814 0.0910204081632653 0.16837209302325581 0.11744897959183673
0 0.8164534883720931 0.5883673469387755 0.1397093023255814 0.09591836734693877