0 0.12398809523809523 0.20222222222222222 0.24797619047619046 0.20272222222222222
0 0.29982142857142857 0.29088888888888886 0.2735714285714286 0.21344444444444446
0 0.4808928571428572 0.4381666666666667 0.2557142857142857 0.19594444444444445
0 0.7177976190476191 0.38127777777777777 0.3129166666666667 0.21044444444444446
0 0.6889880952380952 0.6050555555555556 0.22773809523809524 0.2177777777777778
0 0.4677976190476191 0.7133888888888889 0.28910714285714284 0.18233333333333335
0 0.27964285714285714 0.5499444444444445 0.28827380952380954 0.23572222222222222
0 0.10476190476190476 0.40844444444444444 0.20952380952380953 0.18355555555555556
0 0.11577380952380951 0.6749444444444445 0.23148809523809524 0.22511111111111112
0 0.20779761904761904 0.7980555555555556 0.3001785714285714 0.21488888888888888
0 0.4270833333333333 0.9328888888888888 0.32666666666666666 0.13416666666666666
0 0.6546428571428572 0.8465555555555555 0.29642857142857143 0.19649999999999998
0 0.8963095238095239 0.7638333333333334 0.2074404761904762 0.24905555555555556
0 0.8905952380952381 0.5193333333333333 0.21886904761904763 0.18744444444444447
0 0.9020238095238095 0.2453888888888889 0.19595238095238096 0.19505555555555557
0 0.7299404761904762 0.11649999999999999 0.2593452380952381 0.15527777777777776
0 0.5307738095238095 0.2146111111111111 0.38297619047619047 0.2189444444444444
0 0.31583333333333335 0.09644444444444444 0.24154761904761904 0.12361111111111112