0 0.17866920152091256 0.15372222222222223 0.1812167300380228 0.23816666666666667
0 0.3462357414448669 0.18194444444444444 0.21806083650190114 0.2775
0 0.5541825095057035 0.14922222222222223 0.16011406844106463 0.2335
0 0.7217490494296578 0.14922222222222223 0.16182509505703424 0.26766666666666666
0 0.8996958174904943 0.1565 0.16384030418250953 0.22238888888888889
0 0.7173764258555133 0.4847222222222222 0.19399239543726238 0.3318888888888889
0 0.9154752851711027 0.5343333333333333 0.16904942965779468 0.22588888888888886
0 0.5342965779467681 0.4796111111111111 0.1788212927756654 0.25322222222222224
0 0.35558935361216726 0.5022777777777777 0.2250570342205323 0.29000000000000004
0 0.11547528517110267 0.4597222222222222 0.18357414448669201 0.25194444444444447
0 0.1581749049429658 0.8193888888888889 0.17539923954372624 0.2405
0 0.3411026615969582 0.8335 0.1347148288973384 0.2088888888888889
0 0.5348669201520913 0.8382222222222222 0.1682889733840304 0.22683333333333333
0 0.7388593155893536 0.8399444444444444 0.15802281368821294 0.2302777777777778
0 0.9154752851711027 0.8309444444444444 0.16904942965779468 0.27216666666666667