0 0.8875091575091575 0.7192934782608695 0.21545787545787545 0.37250000000000005
0 0.7534432234432235 0.4722826086956522 0.2374358974358974 0.29592391304347826
0 0.8768131868131869 0.20554347826086958 0.23216117216117216 0.2971195652173913
0 0.6102930402930403 0.2383695652173913 0.2705860805860806 0.2627717391304348
0 0.5257875457875457 0.4731521739130435 0.17476190476190476 0.24548913043478263
0 0.6353479853479853 0.7119021739130436 0.21813186813186813 0.27945652173913044
0 0.7531501831501832 0.9165217391304347 0.230989010989011 0.16695652173913042
0 0.5741391941391941 0.9230434782608696 0.23043956043956043 0.15391304347826087
0 0.43216117216117217 0.6984239130434782 0.1838827838827839 0.20902173913043479
0 0.3838095238095238 0.9010326086956522 0.17509157509157508 0.19690217391304346
0 0.2843223443223443 0.6808152173913044 0.14904761904761904 0.21293478260869564
0 0.3392673992673993 0.47989130434782606 0.15633699633699633 0.19369565217391305
0 0.4301098901098901 0.28141304347826085 0.18564102564102564 0.25320652173913044
0 0.32256410256410256 0.10875000000000001 0.16395604395604396 0.1775
0 0.5004395604395605 0.09527173913043478 0.22076923076923077 0.19054347826086956
0 0.19161172161172163 0.1370108695652174 0.154029304029304 0.19059782608695652
0 0.25340659340659344 0.27641304347826084 0.13117216117216118 0.15190217391304348
0 0.1349084249084249 0.34445652173913044 0.17835164835164835 0.21413043478260868
0 0.21750915750915753 0.5185869565217391 0.21468864468864468 0.262445652173913
0 0.0787912087912088 0.5218478260869565 0.12183150183150182 0.18635869565217392
0 0.14326007326007326 0.6805978260869565 0.13351648351648351 0.14722826086956523
0 0.11981684981684981 0.8688586956521739 0.16868131868131866 0.2195108695652174
0 0.24593406593406594 0.8839130434782608 0.1719047619047619 0.23217391304347826
0 0.06706959706959706 0.17744565217391303 0.12183150183150182 0.2105978260869565