1 0.5 0.4518617021276596 1 0.9037234042553192
1 0.47131707317073174 0.7997340425531915 0.08721951219512195 0.19436170212765957
1 0.5581463414634147 0.7486702127659575 0.11648780487804877 0.19436170212765957
1 0.6555121951219512 0.7173936170212766 0.09653658536585366 0.26372340425531915
1 0.73 0.6627127659574469 0.12853658536585366 0.26074468085106384
1 0.8336097560975609 0.6331382978723404 0.10551219512195122 0.23132978723404257
1 0.4002926829268293 0.8022872340425533 0.12000000000000001 0.23351063829787233
1 0.34487804878048783 0.5503191489361702 0.11531707317073171 0.22324468085106383
1 0.3657560975609756 0.38861702127659575 0.2078048780487805 0.08361702127659575
1 0.4627317073170732 0.2977659574468085 0.21053658536585365 0.07122340425531916
1 0.47385365853658534 0.17324468085106384 0.18204878048780487 0.13292553191489362
1 0.24790243902439024 0.23643617021276597 0.2530731707317073 0.13590425531914893
1 0.30078048780487804 0.14069148936170212 0.2066341463414634 0.08904255319148935
1 0.6797073170731708 0.23260638297872338 0.17614634146341462 0.1027127659574468
1 0.7344878048780488 0.35159574468085103 0.21946341463414634 0.07250000000000001
1 0.6664390243902439 0.41585106382978726 0.22765853658536586 0.07340425531914894
1 0.6256585365853659 0.5264893617021277 0.25302439024390244 0.14154255319148937
1 0.8845365853658537 0.21898936170212766 0.20341463414634148 0.12654255319148935
1 0.10917073170731707 0.3069148936170213 0.21839024390243905 0.1448404255319149
1 0.08170731707317073 0.11367021276595746 0.15478048780487805 0.08180851063829787
1 0.13102439024390244 0.02962765957446809 0.15595121951219512 0.05925531914893618
1 0.4299512195121951 0.0551595744680851 0.1918048780487805 0.09670212765957446