1 0.5 0.45975 1 0.88815
1 0.6546181818181819 0.2575 0.18287272727272727 0.23149999999999998
1 0.18807272727272728 0.16269999999999998 0.15483636363636363 0.1636
1 0.26996363636363635 0.38055 0.11243636363636364 0.20804999999999998
1 0.37178181818181816 0.45665 0.08839999999999999 0.21239999999999998
1 0.3894909090909091 0.2764 0.11116363636363637 0.2389
1 0.4860727272727272 0.48685 0.1430909090909091 0.20765
1 0.8770545454545454 0.134 0.17556363636363637 0.12359999999999999
1 0.6454181818181819 0.0968 0.1582181818181818 0.14925
1 0.5648 0.134 0.15509090909090908 0.21055
1 0.15978181818181816 0.4697 0.2114181818181818 0.39505
1 0.7202181818181819 0.61165 0.28941818181818185 0.22245